{
 "cells": [
  {
   "cell_type": "code",
   "execution_count": 2,
   "metadata": {},
   "outputs": [],
   "source": [
    "%load_ext autoreload\n",
    "%autoreload 2\n",
    "%matplotlib inline"
   ]
  },
  {
   "cell_type": "code",
   "execution_count": 3,
   "metadata": {},
   "outputs": [
    {
     "name": "stdout",
     "output_type": "stream",
     "text": [
      "Jupyter environment detected. Enabling Open3D WebVisualizer.\n",
      "[Open3D INFO] WebRTC GUI backend enabled.\n",
      "[Open3D INFO] WebRTCWindowSystem: HTTP handshake server disabled.\n"
     ]
    }
   ],
   "source": [
    "import sys\n",
    "import os\n",
    "import json\n",
    "import torch\n",
    "import yaml\n",
    "import numpy as np\n",
    "import cv2\n",
    "from pathlib import Path\n",
    "import matplotlib.pyplot as plt\n",
    "from copy import deepcopy \n",
    "from PIL import Image\n",
    "import torchvision.transforms as transforms\n",
    "from scipy.spatial.transform import Rotation \n",
    "from nerfstudio.utils.eval_utils import eval_setup\n",
    "from plane_nerf.plane_nerf_utils import transform_original_space_to_pose\n",
    "from inerf.inerf_trainer import INerfTrainer\n",
    "from inerf.inerf_utils import correct_pose, get_corrected_pose"
   ]
  },
  {
   "cell_type": "code",
   "execution_count": 4,
   "metadata": {},
   "outputs": [
    {
     "name": "stdout",
     "output_type": "stream",
     "text": [
      "{'focal_length': 4.74, 'fov_x': 1.1519, 'w': 640, 'h': 420, 'pixel_width': 0.03326787022081392, 'pixel_height': 0.03326787022081392, 'fl_x': 142.47981516515705, 'fl_y': 142.47981516515705, 'cx': 320, 'cy': 210, 'camera_model': 'OPENCV', 'frames': [{'file_path': 'images/0.png', 'transform_matrix': [[0.9999999999999999, 0.0, 0.0, 0.0], [0.0, 0.7073882691671997, -0.706825181105366, -2.5], [0.0, 0.706825181105366, 0.7073882691671997, 2.0], [0.0, 0.0, 0.0, 1.0]], 'mask_path': 'masks/0.png'}, {'file_path': 'images/1.png', 'transform_matrix': [[0.9902680687415701, -0.09844941900277263, 0.09837105229109364, 0.3479327524001636], [0.1391731009600654, 0.7005040151586449, -0.6999464070311214, -2.475670171853926], [0.0, 0.7068251811053659, 0.7073882691671995, 1.9999999999999998], [0.0, 0.0, 0.0, 1.0]], 'mask_path': 'masks/1.png'}, {'file_path': 'images/2.png', 'transform_matrix': [[0.9612616959383189, -0.1949826320492106, 0.19482742394475464, 0.6890933895424979], [0.2756373558169991, 0.6799852473065344, -0.6794439723212535, -2.4031542398457977], [0.0, 0.7068251811053661, 0.7073882691671998, 2.0000000000000004], [0.0, 0.0, 0.0, 1.0]], 'mask_path': 'masks/2.png'}, {'file_path': 'images/3.png', 'transform_matrix': [[0.913545457642601, -0.2877207299522674, 0.2874917014042411, 1.0168416076895006], [0.40673664307580015, 0.6462313400873569, -0.645716933546216, -2.2838636441065026], [0.0, 0.7068251811053661, 0.7073882691671998, 2.0000000000000004], [0.0, 0.0, 0.0, 1.0]], 'mask_path': 'masks/3.png'}, {'file_path': 'images/4.png', 'transform_matrix': [[0.848048096156426, -0.3748586711242827, 0.37456027991285734, 1.3247981605830121], [0.5299192642332048, 0.5998992749106331, -0.5994217491518267, -2.1201202403910653], [0.0, 0.706825181105366, 0.7073882691671997, 2.0], [0.0, 0.0, 0.0, 1.0]], 'mask_path': 'masks/4.png'}, {'file_path': 'images/5.png', 'transform_matrix': [[0.766044443118978, -0.4547004146582826, 0.4543384686289735, 1.6069690242163484], [0.6427876096865393, 0.5418908527230852, -0.541459502242331, -1.9151111077974452], [0.0, 0.706825181105366, 0.7073882691671997, 2.0], [0.0, 0.0, 0.0, 1.0]], 'mask_path': 'masks/5.png'}, {'file_path': 'images/6.png', 'transform_matrix': [[0.669130606358858, -0.5256919318350145, 0.5252734758555747, 1.8578620636934853], [0.743144825477394, 0.4733351414789915, -0.4729583620227432, -1.6728265158971454], [0.0, 0.7068251811053659, 0.7073882691671995, 1.9999999999999998], [0.0, 0.0, 0.0, 1.0]], 'mask_path': 'masks/6.png'}, {'file_path': 'images/7.png', 'transform_matrix': [[0.5591929034707468, -0.5864514535242876, 0.5859846323643704, 2.0725939313876043], [0.8290375725550416, 0.3955665001167526, -0.3952516252685461, -1.3979822586768673], [0.0, 0.706825181105366, 0.7073882691671997, 2.0], [0.0, 0.0, 0.0, 1.0]], 'mask_path': 'masks/7.png'}, {'file_path': 'images/8.png', 'transform_matrix': [[0.4383711467890774, -0.6357963647493516, 0.6352902645518334, 2.2469851157479175], [0.8987940462991668, 0.3100986067799659, -0.30985176522055663, -1.0959278669726937], [0.0, 0.706825181105366, 0.7073882691671997, 2.0], [0.0, 0.0, 0.0, 1.0]], 'mask_path': 'masks/8.png'}, {'file_path': 'images/9.png', 'transform_matrix': [[0.3090169943749474, -0.6727662229422153, 0.6722306943717604, 2.377641290737884], [0.9510565162951535, 0.21859499679414435, -0.2184209930137081, -0.7725424859373686], [0.0, 0.706825181105366, 0.7073882691671997, 2.0], [0.0, 0.0, 0.0, 1.0]], 'mask_path': 'masks/9.png'}, {'file_path': 'images/10.png', 'transform_matrix': [[0.1736481776669304, -0.6966414518657448, 0.6960869183768224, 2.46201938253052], [0.9848077530122078, 0.12283668384384828, -0.12273890462804486, -0.43412044416732604], [0.0, 0.7068251811053659, 0.7073882691671995, 1.9999999999999998], [0.0, 0.0, 0.0, 1.0]], 'mask_path': 'masks/10.png'}, {'file_path': 'images/11.png', 'transform_matrix': [[0.03489949670250108, -0.7069573473466144, 0.7063946023028138, 2.4984770675477392], [0.9993908270190957, 0.024687494567188637, -0.024667843077231452, -0.08724874175625272], [0.0, 0.706825181105366, 0.7073882691671997, 2.0], [0.0, 0.0, 0.0, 1.0]], 'mask_path': 'masks/11.png'}, {'file_path': 'images/12.png', 'transform_matrix': [[-0.10452846326765323, -0.7035131222134456, 0.7029531188069316, 2.4863047384206833], [0.9945218953682732, -0.07394220870961243, 0.0738833499798246, 0.26132115816913315], [0.0, 0.7068251811053659, 0.7073882691671995, 1.9999999999999996], [0.0, 0.0, 0.0, 1.0]], 'mask_path': 'masks/12.png'}, {'file_path': 'images/13.png', 'transform_matrix': [[-0.24192189559966773, -0.6863758143907082, 0.6858294524507939, 2.4257393156899916], [0.9702957262759965, -0.17113271100189695, 0.1709964876705886, 0.6048047389991694], [0.0, 0.706825181105366, 0.7073882691671997, 2.0], [0.0, 0.0, 0.0, 1.0]], 'mask_path': 'masks/13.png'}, {'file_path': 'images/14.png', 'transform_matrix': [[-0.37460659341591207, -0.6558789820817723, 0.6553568959221409, 2.3179596364169686], [0.9271838545667873, -0.26499230973510296, 0.26478137323446627, 0.9365164835397803], [0.0, 0.706825181105366, 0.7073882691671997, 2.0], [0.0, 0.0, 0.0, 1.0]], 'mask_path': 'masks/14.png'}, {'file_path': 'images/15.png', 'transform_matrix': [[-0.4999999999999997, -0.6126162114378993, 0.6121285628717836, 2.1650635094610973], [0.8660254037844387, -0.35369413458359966, 0.3534125905526828, 1.2499999999999996], [0.0, 0.706825181105366, 0.7073882691671997, 2.0], [0.0, 0.0, 0.0, 1.0]], 'mask_path': 'masks/15.png'}, {'file_path': 'images/16.png', 'transform_matrix': [[-0.6156614753256582, -0.5574295630789998, 0.5569858436310473, 1.9700268840168054], [0.788010753606722, -0.435511705423542, 0.4351650337966552, 1.5391536883141457], [0.0, 0.706825181105366, 0.7073882691671997, 2.0], [0.0, 0.0, 0.0, 1.0]], 'mask_path': 'masks/16.png'}, {'file_path': 'images/17.png', 'transform_matrix': [[-0.7193398003386512, -0.49139318234149737, 0.4910020285060391, 1.736645926147493], [0.694658370458997, -0.5088525363046376, 0.508447484650665, 1.7983495008466281], [0.0, 0.706825181105366, 0.7073882691671997, 2.0], [0.0, 0.0, 0.0, 1.0]], 'mask_path': 'masks/17.png'}, {'file_path': 'images/18.png', 'transform_matrix': [[-0.8090169943749475, -0.4157923922611784, 0.4154614174026906, 1.4694631307311832], [0.5877852522924731, -0.5722891313777443, 0.5718335835663911, 2.022542485937369], [0.0, 0.7068251811053661, 0.7073882691671998, 2.0000000000000004], [0.0, 0.0, 0.0, 1.0]], 'mask_path': 'masks/18.png'}, {'file_path': 'images/19.png', 'transform_matrix': [[-0.882947592858927, -0.33209867622233186, 0.33183432238995675, 1.173678906964728], [0.46947156278589114, -0.6245867694778218, 0.6240895922290581, 2.207368982147318], [0.0, 0.7068251811053661, 0.7073882691671998, 2.0000000000000004], [0.0, 0.0, 0.0, 1.0]], 'mask_path': 'masks/19.png'}, {'file_path': 'images/20.png', 'transform_matrix': [[-0.939692620785908, -0.24194103720746243, 0.2417484497478491, 0.8550503583141721], [0.34202014332566877, -0.6647275365669333, 0.6641984068703755, 2.3492315519647704], [0.0, 0.7068251811053657, 0.7073882691671994, 1.9999999999999993], [0.0, 0.0, 0.0, 1.0]], 'mask_path': 'masks/20.png'}, {'file_path': 'images/21.png', 'transform_matrix': [[-0.9781476007338057, -0.14707429110720072, 0.1469572185161856, 0.5197792270443983], [0.2079116908177593, -0.691930138273136, 0.6913793550364514, 2.4453690018345147], [0.0, 0.7068251811053661, 0.7073882691671998, 2.0000000000000004], [0.0, 0.0, 0.0, 1.0]], 'mask_path': 'masks/21.png'}, {'file_path': 'images/22.png', 'transform_matrix': [[-0.9975640502598242, -0.04934491122506416, 0.04930563218746323, 0.1743911843603138], [0.06975647374412551, -0.7056651068967185, 0.7051033904891028, 2.4939101256495606], [0.0, 0.706825181105366, 0.7073882691671997, 2.0], [0.0, 0.0, 0.0, 1.0]], 'mask_path': 'masks/22.png'}, {'file_path': 'images/23.png', 'transform_matrix': [[-0.9975640502598242, 0.049344911225063674, -0.04930563218746274, -0.1743911843603121], [-0.06975647374412482, -0.7056651068967185, 0.7051033904891028, 2.4939101256495606], [0.0, 0.706825181105366, 0.7073882691671997, 2.0], [0.0, 0.0, 0.0, 1.0]], 'mask_path': 'masks/23.png'}, {'file_path': 'images/24.png', 'transform_matrix': [[-0.9781476007338057, 0.14707429110720055, -0.1469572185161854, -0.5197792270443977], [-0.20791169081775904, -0.691930138273136, 0.6913793550364514, 2.4453690018345147], [0.0, 0.706825181105366, 0.7073882691671997, 2.0], [0.0, 0.0, 0.0, 1.0]], 'mask_path': 'masks/24.png'}, {'file_path': 'images/25.png', 'transform_matrix': [[-0.9396926207859084, 0.2419410372074623, -0.24174844974784898, -0.8550503583141716], [-0.3420201433256686, -0.6647275365669335, 0.6641984068703758, 2.3492315519647713], [0.0, 0.7068251811053661, 0.7073882691671998, 2.0000000000000004], [0.0, 0.0, 0.0, 1.0]], 'mask_path': 'masks/25.png'}, {'file_path': 'images/26.png', 'transform_matrix': [[-0.8829475928589271, 0.3320986762223317, -0.3318343223899566, -1.1736789069647275], [-0.4694715627858909, -0.6245867694778218, 0.6240895922290581, 2.207368982147318], [0.0, 0.7068251811053661, 0.7073882691671998, 2.0000000000000004], [0.0, 0.0, 0.0, 1.0]], 'mask_path': 'masks/26.png'}, {'file_path': 'images/27.png', 'transform_matrix': [[-0.8090169943749475, 0.41579239226117826, -0.4154614174026905, -1.4694631307311825], [-0.5877852522924729, -0.5722891313777443, 0.5718335835663911, 2.022542485937369], [0.0, 0.706825181105366, 0.7073882691671997, 2.0], [0.0, 0.0, 0.0, 1.0]], 'mask_path': 'masks/27.png'}, {'file_path': 'images/28.png', 'transform_matrix': [[-0.7193398003386511, 0.49139318234149754, -0.4910020285060392, -1.7366459261474934], [-0.6946583704589973, -0.5088525363046374, 0.5084474846506649, 1.798349500846628], [0.0, 0.706825181105366, 0.7073882691671997, 2.0], [0.0, 0.0, 0.0, 1.0]], 'mask_path': 'masks/28.png'}, {'file_path': 'images/29.png', 'transform_matrix': [[-0.6156614753256578, 0.5574295630789997, -0.5569858436310472, -1.970026884016805], [-0.7880107536067219, -0.4355117054235418, 0.435165033796655, 1.539153688314145], [0.0, 0.7068251811053659, 0.7073882691671995, 1.9999999999999996], [0.0, 0.0, 0.0, 1.0]], 'mask_path': 'masks/29.png'}, {'file_path': 'images/30.png', 'transform_matrix': [[-0.5000000000000002, 0.612616211437899, -0.6121285628717833, -2.165063509461096], [-0.8660254037844383, -0.35369413458360005, 0.3534125905526832, 1.2500000000000009], [0.0, 0.7068251811053659, 0.7073882691671995, 1.9999999999999998], [0.0, 0.0, 0.0, 1.0]], 'mask_path': 'masks/30.png'}, {'file_path': 'images/31.png', 'transform_matrix': [[-0.37460659341591224, 0.6558789820817722, -0.6553568959221406, -2.317959636416968], [-0.9271838545667871, -0.26499230973510307, 0.2647813732344664, 0.9365164835397808], [0.0, 0.7068251811053659, 0.7073882691671995, 1.9999999999999998], [0.0, 0.0, 0.0, 1.0]], 'mask_path': 'masks/31.png'}, {'file_path': 'images/32.png', 'transform_matrix': [[-0.24192189559966773, 0.6863758143907082, -0.6858294524507939, -2.4257393156899916], [-0.9702957262759965, -0.17113271100189695, 0.1709964876705886, 0.6048047389991694], [0.0, 0.706825181105366, 0.7073882691671997, 2.0], [0.0, 0.0, 0.0, 1.0]], 'mask_path': 'masks/32.png'}, {'file_path': 'images/33.png', 'transform_matrix': [[-0.10452846326765346, 0.7035131222134458, -0.7029531188069317, -2.4863047384206833], [-0.9945218953682733, -0.0739422087096126, 0.07388334997982476, 0.2613211581691337], [0.0, 0.706825181105366, 0.7073882691671997, 2.0], [0.0, 0.0, 0.0, 1.0]], 'mask_path': 'masks/33.png'}, {'file_path': 'images/34.png', 'transform_matrix': [[0.03489949670250125, 0.7069573473466143, -0.7063946023028137, -2.4984770675477392], [-0.9993908270190955, 0.024687494567188755, -0.02466784307723157, -0.08724874175625313], [0.0, 0.7068251811053659, 0.7073882691671995, 1.9999999999999998], [0.0, 0.0, 0.0, 1.0]], 'mask_path': 'masks/34.png'}, {'file_path': 'images/35.png', 'transform_matrix': [[0.1736481776669299, 0.696641451865745, -0.6960869183768226, -2.4620193825305203], [-0.984807753012208, 0.12283668384384792, -0.1227389046280445, -0.43412044416732476], [0.0, 0.706825181105366, 0.7073882691671997, 2.0], [0.0, 0.0, 0.0, 1.0]], 'mask_path': 'masks/35.png'}, {'file_path': 'images/36.png', 'transform_matrix': [[0.3090169943749471, 0.6727662229422153, -0.6722306943717604, -2.377641290737884], [-0.9510565162951535, 0.21859499679414415, -0.2184209930137079, -0.772542485937368], [0.0, 0.706825181105366, 0.7073882691671997, 2.0], [0.0, 0.0, 0.0, 1.0]], 'mask_path': 'masks/36.png'}, {'file_path': 'images/37.png', 'transform_matrix': [[0.4383711467890774, 0.6357963647493516, -0.6352902645518334, -2.2469851157479175], [-0.8987940462991668, 0.3100986067799659, -0.30985176522055663, -1.0959278669726937], [0.0, 0.706825181105366, 0.7073882691671997, 2.0], [0.0, 0.0, 0.0, 1.0]], 'mask_path': 'masks/37.png'}, {'file_path': 'images/38.png', 'transform_matrix': [[0.559192903470746, 0.586451453524288, -0.5859846323643706, -2.072593931387605], [-0.829037572555042, 0.39556650011675204, -0.39525162526854557, -1.3979822586768653], [0.0, 0.706825181105366, 0.7073882691671997, 2.0], [0.0, 0.0, 0.0, 1.0]], 'mask_path': 'masks/38.png'}, {'file_path': 'images/39.png', 'transform_matrix': [[0.6691306063588577, 0.5256919318350148, -0.525273475855575, -1.8578620636934864], [-0.7431448254773945, 0.4733351414789912, -0.472958362022743, -1.6728265158971445], [0.0, 0.706825181105366, 0.7073882691671997, 2.0], [0.0, 0.0, 0.0, 1.0]], 'mask_path': 'masks/39.png'}, {'file_path': 'images/40.png', 'transform_matrix': [[0.7660444431189777, 0.45470041465828276, -0.45433846862897365, -1.606969024216349], [-0.6427876096865395, 0.541890852723085, -0.5414595022423306, -1.9151111077974445], [0.0, 0.7068251811053659, 0.7073882691671995, 1.9999999999999998], [0.0, 0.0, 0.0, 1.0]], 'mask_path': 'masks/40.png'}, {'file_path': 'images/41.png', 'transform_matrix': [[0.8480480961564252, 0.3748586711242834, -0.37456027991285795, -1.3247981605830144], [-0.5299192642332057, 0.5998992749106326, -0.5994217491518261, -2.120120240391063], [0.0, 0.7068251811053659, 0.7073882691671995, 1.9999999999999998], [0.0, 0.0, 0.0, 1.0]], 'mask_path': 'masks/41.png'}, {'file_path': 'images/42.png', 'transform_matrix': [[0.913545457642601, 0.2877207299522674, -0.28749170140424113, -1.0168416076895006], [-0.4067366430758002, 0.6462313400873569, -0.645716933546216, -2.2838636441065026], [0.0, 0.7068251811053661, 0.7073882691671998, 2.0000000000000004], [0.0, 0.0, 0.0, 1.0]], 'mask_path': 'masks/42.png'}, {'file_path': 'images/43.png', 'transform_matrix': [[0.9612616959383186, 0.194982632049211, -0.19482742394475505, -0.6890933895424994], [-0.2756373558169997, 0.6799852473065342, -0.6794439723212533, -2.403154239845797], [0.0, 0.706825181105366, 0.7073882691671997, 2.0], [0.0, 0.0, 0.0, 1.0]], 'mask_path': 'masks/43.png'}, {'file_path': 'images/44.png', 'transform_matrix': [[0.9902680687415701, 0.09844941900277293, -0.09837105229109395, -0.3479327524001647], [-0.13917310096006585, 0.7005040151586449, -0.6999464070311214, -2.475670171853926], [0.0, 0.7068251811053659, 0.7073882691671995, 1.9999999999999998], [0.0, 0.0, 0.0, 1.0]], 'mask_path': 'masks/44.png'}, {'file_path': 'images/45.png', 'transform_matrix': [[0.9999999999999999, 0.0, 0.0, 0.0], [0.0, 0.7073882691671997, -0.706825181105366, -2.0], [0.0, 0.706825181105366, 0.7073882691671997, 2.0], [0.0, 0.0, 0.0, 1.0]], 'mask_path': 'masks/45.png'}, {'file_path': 'images/46.png', 'transform_matrix': [[0.9902680687415701, -0.09844941900277263, 0.09837105229109364, 0.2783462019201309], [0.1391731009600654, 0.7005040151586449, -0.6999464070311214, -1.9805361374831405], [0.0, 0.7068251811053659, 0.7073882691671995, 1.9999999999999998], [0.0, 0.0, 0.0, 1.0]], 'mask_path': 'masks/46.png'}, {'file_path': 'images/47.png', 'transform_matrix': [[0.9612616959383189, -0.1949826320492106, 0.19482742394475464, 0.5512747116339983], [0.2756373558169991, 0.6799852473065344, -0.6794439723212535, -1.922523391876638], [0.0, 0.7068251811053661, 0.7073882691671998, 2.0000000000000004], [0.0, 0.0, 0.0, 1.0]], 'mask_path': 'masks/47.png'}, {'file_path': 'images/48.png', 'transform_matrix': [[0.913545457642601, -0.2877207299522674, 0.2874917014042411, 0.8134732861516004], [0.40673664307580015, 0.6462313400873569, -0.645716933546216, -1.8270909152852022], [0.0, 0.7068251811053661, 0.7073882691671998, 2.0000000000000004], [0.0, 0.0, 0.0, 1.0]], 'mask_path': 'masks/48.png'}, {'file_path': 'images/49.png', 'transform_matrix': [[0.848048096156426, -0.3748586711242827, 0.37456027991285734, 1.0598385284664098], [0.5299192642332048, 0.5998992749106331, -0.5994217491518267, -1.6960961923128521], [0.0, 0.706825181105366, 0.7073882691671997, 2.0], [0.0, 0.0, 0.0, 1.0]], 'mask_path': 'masks/49.png'}, {'file_path': 'images/50.png', 'transform_matrix': [[0.766044443118978, -0.4547004146582826, 0.4543384686289735, 1.2855752193730787], [0.6427876096865393, 0.5418908527230852, -0.541459502242331, -1.5320888862379562], [0.0, 0.706825181105366, 0.7073882691671997, 2.0], [0.0, 0.0, 0.0, 1.0]], 'mask_path': 'masks/50.png'}, {'file_path': 'images/51.png', 'transform_matrix': [[0.669130606358858, -0.5256919318350145, 0.5252734758555747, 1.4862896509547883], [0.743144825477394, 0.4733351414789915, -0.4729583620227432, -1.3382612127177163], [0.0, 0.7068251811053659, 0.7073882691671995, 1.9999999999999998], [0.0, 0.0, 0.0, 1.0]], 'mask_path': 'masks/51.png'}, {'file_path': 'images/52.png', 'transform_matrix': [[0.5591929034707468, -0.5864514535242876, 0.5859846323643704, 1.6580751451100835], [0.8290375725550416, 0.3955665001167526, -0.3952516252685461, -1.1183858069414938], [0.0, 0.706825181105366, 0.7073882691671997, 2.0], [0.0, 0.0, 0.0, 1.0]], 'mask_path': 'masks/52.png'}, {'file_path': 'images/53.png', 'transform_matrix': [[0.4383711467890774, -0.6357963647493516, 0.6352902645518334, 1.7975880925983339], [0.8987940462991668, 0.3100986067799659, -0.30985176522055663, -0.8767422935781549], [0.0, 0.706825181105366, 0.7073882691671997, 2.0], [0.0, 0.0, 0.0, 1.0]], 'mask_path': 'masks/53.png'}, {'file_path': 'images/54.png', 'transform_matrix': [[0.3090169943749474, -0.6727662229422153, 0.6722306943717604, 1.9021130325903073], [0.9510565162951535, 0.21859499679414435, -0.2184209930137081, -0.6180339887498949], [0.0, 0.706825181105366, 0.7073882691671997, 2.0], [0.0, 0.0, 0.0, 1.0]], 'mask_path': 'masks/54.png'}, {'file_path': 'images/55.png', 'transform_matrix': [[0.1736481776669304, -0.6966414518657448, 0.6960869183768224, 1.9696155060244158], [0.9848077530122078, 0.12283668384384828, -0.12273890462804486, -0.34729635533386083], [0.0, 0.7068251811053659, 0.7073882691671995, 1.9999999999999998], [0.0, 0.0, 0.0, 1.0]], 'mask_path': 'masks/55.png'}, {'file_path': 'images/56.png', 'transform_matrix': [[0.03489949670250108, -0.7069573473466144, 0.7063946023028138, 1.9987816540381915], [0.9993908270190957, 0.024687494567188637, -0.024667843077231452, -0.06979899340500217], [0.0, 0.706825181105366, 0.7073882691671997, 2.0], [0.0, 0.0, 0.0, 1.0]], 'mask_path': 'masks/56.png'}, {'file_path': 'images/57.png', 'transform_matrix': [[-0.10452846326765323, -0.7035131222134456, 0.7029531188069316, 1.9890437907365466], [0.9945218953682732, -0.07394220870961243, 0.0738833499798246, 0.2090569265353065], [0.0, 0.7068251811053659, 0.7073882691671995, 1.9999999999999996], [0.0, 0.0, 0.0, 1.0]], 'mask_path': 'masks/57.png'}, {'file_path': 'images/58.png', 'transform_matrix': [[-0.24192189559966773, -0.6863758143907082, 0.6858294524507939, 1.9405914525519932], [0.9702957262759965, -0.17113271100189695, 0.1709964876705886, 0.4838437911993355], [0.0, 0.706825181105366, 0.7073882691671997, 2.0], [0.0, 0.0, 0.0, 1.0]], 'mask_path': 'masks/58.png'}, {'file_path': 'images/59.png', 'transform_matrix': [[-0.37460659341591207, -0.6558789820817723, 0.6553568959221409, 1.8543677091335748], [0.9271838545667873, -0.26499230973510296, 0.26478137323446627, 0.7492131868318243], [0.0, 0.706825181105366, 0.7073882691671997, 2.0], [0.0, 0.0, 0.0, 1.0]], 'mask_path': 'masks/59.png'}, {'file_path': 'images/60.png', 'transform_matrix': [[-0.4999999999999997, -0.6126162114378993, 0.6121285628717836, 1.7320508075688776], [0.8660254037844387, -0.35369413458359966, 0.3534125905526828, 0.9999999999999996], [0.0, 0.706825181105366, 0.7073882691671997, 2.0], [0.0, 0.0, 0.0, 1.0]], 'mask_path': 'masks/60.png'}, {'file_path': 'images/61.png', 'transform_matrix': [[-0.6156614753256582, -0.5574295630789998, 0.5569858436310473, 1.5760215072134443], [0.788010753606722, -0.435511705423542, 0.4351650337966552, 1.2313229506513166], [0.0, 0.706825181105366, 0.7073882691671997, 2.0], [0.0, 0.0, 0.0, 1.0]], 'mask_path': 'masks/61.png'}, {'file_path': 'images/62.png', 'transform_matrix': [[-0.7193398003386512, -0.49139318234149737, 0.4910020285060391, 1.3893167409179943], [0.694658370458997, -0.5088525363046376, 0.508447484650665, 1.4386796006773026], [0.0, 0.706825181105366, 0.7073882691671997, 2.0], [0.0, 0.0, 0.0, 1.0]], 'mask_path': 'masks/62.png'}, {'file_path': 'images/63.png', 'transform_matrix': [[-0.8090169943749475, -0.4157923922611784, 0.4154614174026906, 1.1755705045849465], [0.5877852522924731, -0.5722891313777443, 0.5718335835663911, 1.6180339887498951], [0.0, 0.7068251811053661, 0.7073882691671998, 2.0000000000000004], [0.0, 0.0, 0.0, 1.0]], 'mask_path': 'masks/63.png'}, {'file_path': 'images/64.png', 'transform_matrix': [[-0.882947592858927, -0.33209867622233186, 0.33183432238995675, 0.9389431255717824], [0.46947156278589114, -0.6245867694778218, 0.6240895922290581, 1.7658951857178542], [0.0, 0.7068251811053661, 0.7073882691671998, 2.0000000000000004], [0.0, 0.0, 0.0, 1.0]], 'mask_path': 'masks/64.png'}, {'file_path': 'images/65.png', 'transform_matrix': [[-0.939692620785908, -0.24194103720746243, 0.2417484497478491, 0.6840402866513376], [0.34202014332566877, -0.6647275365669333, 0.6641984068703755, 1.8793852415718162], [0.0, 0.7068251811053657, 0.7073882691671994, 1.9999999999999993], [0.0, 0.0, 0.0, 1.0]], 'mask_path': 'masks/65.png'}, {'file_path': 'images/66.png', 'transform_matrix': [[-0.9781476007338057, -0.14707429110720072, 0.1469572185161856, 0.41582338163551863], [0.2079116908177593, -0.691930138273136, 0.6913793550364514, 1.9562952014676116], [0.0, 0.7068251811053661, 0.7073882691671998, 2.0000000000000004], [0.0, 0.0, 0.0, 1.0]], 'mask_path': 'masks/66.png'}, {'file_path': 'images/67.png', 'transform_matrix': [[-0.9975640502598242, -0.04934491122506416, 0.04930563218746323, 0.13951294748825105], [0.06975647374412551, -0.7056651068967185, 0.7051033904891028, 1.9951281005196486], [0.0, 0.706825181105366, 0.7073882691671997, 2.0], [0.0, 0.0, 0.0, 1.0]], 'mask_path': 'masks/67.png'}, {'file_path': 'images/68.png', 'transform_matrix': [[-0.9975640502598242, 0.049344911225063674, -0.04930563218746274, -0.13951294748824966], [-0.06975647374412482, -0.7056651068967185, 0.7051033904891028, 1.9951281005196486], [0.0, 0.706825181105366, 0.7073882691671997, 2.0], [0.0, 0.0, 0.0, 1.0]], 'mask_path': 'masks/68.png'}, {'file_path': 'images/69.png', 'transform_matrix': [[-0.9781476007338057, 0.14707429110720055, -0.1469572185161854, -0.41582338163551813], [-0.20791169081775904, -0.691930138273136, 0.6913793550364514, 1.9562952014676116], [0.0, 0.706825181105366, 0.7073882691671997, 2.0], [0.0, 0.0, 0.0, 1.0]], 'mask_path': 'masks/69.png'}, {'file_path': 'images/70.png', 'transform_matrix': [[-0.9396926207859084, 0.2419410372074623, -0.24174844974784898, -0.6840402866513373], [-0.3420201433256686, -0.6647275365669335, 0.6641984068703758, 1.879385241571817], [0.0, 0.7068251811053661, 0.7073882691671998, 2.0000000000000004], [0.0, 0.0, 0.0, 1.0]], 'mask_path': 'masks/70.png'}, {'file_path': 'images/71.png', 'transform_matrix': [[-0.8829475928589271, 0.3320986762223317, -0.3318343223899566, -0.938943125571782], [-0.4694715627858909, -0.6245867694778218, 0.6240895922290581, 1.7658951857178544], [0.0, 0.7068251811053661, 0.7073882691671998, 2.0000000000000004], [0.0, 0.0, 0.0, 1.0]], 'mask_path': 'masks/71.png'}, {'file_path': 'images/72.png', 'transform_matrix': [[-0.8090169943749475, 0.41579239226117826, -0.4154614174026905, -1.175570504584946], [-0.5877852522924729, -0.5722891313777443, 0.5718335835663911, 1.6180339887498951], [0.0, 0.706825181105366, 0.7073882691671997, 2.0], [0.0, 0.0, 0.0, 1.0]], 'mask_path': 'masks/72.png'}, {'file_path': 'images/73.png', 'transform_matrix': [[-0.7193398003386511, 0.49139318234149754, -0.4910020285060392, -1.3893167409179947], [-0.6946583704589973, -0.5088525363046374, 0.5084474846506649, 1.4386796006773024], [0.0, 0.706825181105366, 0.7073882691671997, 2.0], [0.0, 0.0, 0.0, 1.0]], 'mask_path': 'masks/73.png'}, {'file_path': 'images/74.png', 'transform_matrix': [[-0.6156614753256578, 0.5574295630789997, -0.5569858436310472, -1.576021507213444], [-0.7880107536067219, -0.4355117054235418, 0.435165033796655, 1.231322950651316], [0.0, 0.7068251811053659, 0.7073882691671995, 1.9999999999999996], [0.0, 0.0, 0.0, 1.0]], 'mask_path': 'masks/74.png'}, {'file_path': 'images/75.png', 'transform_matrix': [[-0.5000000000000002, 0.612616211437899, -0.6121285628717833, -1.7320508075688767], [-0.8660254037844383, -0.35369413458360005, 0.3534125905526832, 1.0000000000000007], [0.0, 0.7068251811053659, 0.7073882691671995, 1.9999999999999998], [0.0, 0.0, 0.0, 1.0]], 'mask_path': 'masks/75.png'}, {'file_path': 'images/76.png', 'transform_matrix': [[-0.37460659341591224, 0.6558789820817722, -0.6553568959221406, -1.8543677091335744], [-0.9271838545667871, -0.26499230973510307, 0.2647813732344664, 0.7492131868318246], [0.0, 0.7068251811053659, 0.7073882691671995, 1.9999999999999998], [0.0, 0.0, 0.0, 1.0]], 'mask_path': 'masks/76.png'}, {'file_path': 'images/77.png', 'transform_matrix': [[-0.24192189559966773, 0.6863758143907082, -0.6858294524507939, -1.9405914525519932], [-0.9702957262759965, -0.17113271100189695, 0.1709964876705886, 0.4838437911993355], [0.0, 0.706825181105366, 0.7073882691671997, 2.0], [0.0, 0.0, 0.0, 1.0]], 'mask_path': 'masks/77.png'}, {'file_path': 'images/78.png', 'transform_matrix': [[-0.10452846326765346, 0.7035131222134458, -0.7029531188069317, -1.9890437907365468], [-0.9945218953682733, -0.0739422087096126, 0.07388334997982476, 0.20905692653530694], [0.0, 0.706825181105366, 0.7073882691671997, 2.0], [0.0, 0.0, 0.0, 1.0]], 'mask_path': 'masks/78.png'}, {'file_path': 'images/79.png', 'transform_matrix': [[0.03489949670250125, 0.7069573473466143, -0.7063946023028137, -1.9987816540381913], [-0.9993908270190955, 0.024687494567188755, -0.02466784307723157, -0.06979899340500251], [0.0, 0.7068251811053659, 0.7073882691671995, 1.9999999999999998], [0.0, 0.0, 0.0, 1.0]], 'mask_path': 'masks/79.png'}, {'file_path': 'images/80.png', 'transform_matrix': [[0.1736481776669299, 0.696641451865745, -0.6960869183768226, -1.9696155060244163], [-0.984807753012208, 0.12283668384384792, -0.1227389046280445, -0.34729635533385983], [0.0, 0.706825181105366, 0.7073882691671997, 2.0], [0.0, 0.0, 0.0, 1.0]], 'mask_path': 'masks/80.png'}, {'file_path': 'images/81.png', 'transform_matrix': [[0.3090169943749471, 0.6727662229422153, -0.6722306943717604, -1.9021130325903073], [-0.9510565162951535, 0.21859499679414415, -0.2184209930137079, -0.6180339887498943], [0.0, 0.706825181105366, 0.7073882691671997, 2.0], [0.0, 0.0, 0.0, 1.0]], 'mask_path': 'masks/81.png'}, {'file_path': 'images/82.png', 'transform_matrix': [[0.4383711467890774, 0.6357963647493516, -0.6352902645518334, -1.7975880925983339], [-0.8987940462991668, 0.3100986067799659, -0.30985176522055663, -0.8767422935781549], [0.0, 0.706825181105366, 0.7073882691671997, 2.0], [0.0, 0.0, 0.0, 1.0]], 'mask_path': 'masks/82.png'}, {'file_path': 'images/83.png', 'transform_matrix': [[0.559192903470746, 0.586451453524288, -0.5859846323643706, -1.6580751451100841], [-0.829037572555042, 0.39556650011675204, -0.39525162526854557, -1.1183858069414923], [0.0, 0.706825181105366, 0.7073882691671997, 2.0], [0.0, 0.0, 0.0, 1.0]], 'mask_path': 'masks/83.png'}, {'file_path': 'images/84.png', 'transform_matrix': [[0.6691306063588577, 0.5256919318350148, -0.525273475855575, -1.4862896509547892], [-0.7431448254773945, 0.4733351414789912, -0.472958362022743, -1.3382612127177156], [0.0, 0.706825181105366, 0.7073882691671997, 2.0], [0.0, 0.0, 0.0, 1.0]], 'mask_path': 'masks/84.png'}, {'file_path': 'images/85.png', 'transform_matrix': [[0.7660444431189777, 0.45470041465828276, -0.45433846862897365, -1.2855752193730792], [-0.6427876096865395, 0.541890852723085, -0.5414595022423306, -1.5320888862379556], [0.0, 0.7068251811053659, 0.7073882691671995, 1.9999999999999998], [0.0, 0.0, 0.0, 1.0]], 'mask_path': 'masks/85.png'}, {'file_path': 'images/86.png', 'transform_matrix': [[0.8480480961564252, 0.3748586711242834, -0.37456027991285795, -1.0598385284664116], [-0.5299192642332057, 0.5998992749106326, -0.5994217491518261, -1.6960961923128506], [0.0, 0.7068251811053659, 0.7073882691671995, 1.9999999999999998], [0.0, 0.0, 0.0, 1.0]], 'mask_path': 'masks/86.png'}, {'file_path': 'images/87.png', 'transform_matrix': [[0.913545457642601, 0.2877207299522674, -0.28749170140424113, -0.8134732861516005], [-0.4067366430758002, 0.6462313400873569, -0.645716933546216, -1.8270909152852022], [0.0, 0.7068251811053661, 0.7073882691671998, 2.0000000000000004], [0.0, 0.0, 0.0, 1.0]], 'mask_path': 'masks/87.png'}, {'file_path': 'images/88.png', 'transform_matrix': [[0.9612616959383186, 0.194982632049211, -0.19482742394475505, -0.5512747116339995], [-0.2756373558169997, 0.6799852473065342, -0.6794439723212533, -1.9225233918766373], [0.0, 0.706825181105366, 0.7073882691671997, 2.0], [0.0, 0.0, 0.0, 1.0]], 'mask_path': 'masks/88.png'}, {'file_path': 'images/89.png', 'transform_matrix': [[0.9902680687415701, 0.09844941900277293, -0.09837105229109395, -0.27834620192013176], [-0.13917310096006585, 0.7005040151586449, -0.6999464070311214, -1.9805361374831405], [0.0, 0.7068251811053659, 0.7073882691671995, 1.9999999999999998], [0.0, 0.0, 0.0, 1.0]], 'mask_path': 'masks/89.png'}, {'file_path': 'images/90.png', 'transform_matrix': [[0.9999999999999999, 0.0, 0.0, 0.0], [0.0, 0.7073882691671997, -0.706825181105366, -1.5], [0.0, 0.706825181105366, 0.7073882691671997, 2.0], [0.0, 0.0, 0.0, 1.0]], 'mask_path': 'masks/90.png'}, {'file_path': 'images/91.png', 'transform_matrix': [[0.9902680687415701, -0.09844941900277263, 0.09837105229109364, 0.20875965144009817], [0.1391731009600654, 0.7005040151586449, -0.6999464070311214, -1.4854021031123554], [0.0, 0.7068251811053659, 0.7073882691671995, 1.9999999999999998], [0.0, 0.0, 0.0, 1.0]], 'mask_path': 'masks/91.png'}, {'file_path': 'images/92.png', 'transform_matrix': [[0.9612616959383189, -0.1949826320492106, 0.19482742394475464, 0.4134560337254988], [0.2756373558169991, 0.6799852473065344, -0.6794439723212535, -1.4418925439074786], [0.0, 0.7068251811053661, 0.7073882691671998, 2.0000000000000004], [0.0, 0.0, 0.0, 1.0]], 'mask_path': 'masks/92.png'}, {'file_path': 'images/93.png', 'transform_matrix': [[0.913545457642601, -0.2877207299522674, 0.2874917014042411, 0.6101049646137003], [0.40673664307580015, 0.6462313400873569, -0.645716933546216, -1.3703181864639016], [0.0, 0.7068251811053661, 0.7073882691671998, 2.0000000000000004], [0.0, 0.0, 0.0, 1.0]], 'mask_path': 'masks/93.png'}, {'file_path': 'images/94.png', 'transform_matrix': [[0.848048096156426, -0.3748586711242827, 0.37456027991285734, 0.7948788963498074], [0.5299192642332048, 0.5998992749106331, -0.5994217491518267, -1.272072144234639], [0.0, 0.706825181105366, 0.7073882691671997, 2.0], [0.0, 0.0, 0.0, 1.0]], 'mask_path': 'masks/94.png'}, {'file_path': 'images/95.png', 'transform_matrix': [[0.766044443118978, -0.4547004146582826, 0.4543384686289735, 0.9641814145298091], [0.6427876096865393, 0.5418908527230852, -0.541459502242331, -1.1490666646784673], [0.0, 0.706825181105366, 0.7073882691671997, 2.0], [0.0, 0.0, 0.0, 1.0]], 'mask_path': 'masks/95.png'}, {'file_path': 'images/96.png', 'transform_matrix': [[0.669130606358858, -0.5256919318350145, 0.5252734758555747, 1.1147172382160913], [0.743144825477394, 0.4733351414789915, -0.4729583620227432, -1.0036959095382871], [0.0, 0.7068251811053659, 0.7073882691671995, 1.9999999999999998], [0.0, 0.0, 0.0, 1.0]], 'mask_path': 'masks/96.png'}, {'file_path': 'images/97.png', 'transform_matrix': [[0.5591929034707468, -0.5864514535242876, 0.5859846323643704, 1.2435563588325627], [0.8290375725550416, 0.3955665001167526, -0.3952516252685461, -0.8387893552061203], [0.0, 0.706825181105366, 0.7073882691671997, 2.0], [0.0, 0.0, 0.0, 1.0]], 'mask_path': 'masks/97.png'}, {'file_path': 'images/98.png', 'transform_matrix': [[0.4383711467890774, -0.6357963647493516, 0.6352902645518334, 1.3481910694487504], [0.8987940462991668, 0.3100986067799659, -0.30985176522055663, -0.6575567201836162], [0.0, 0.706825181105366, 0.7073882691671997, 2.0], [0.0, 0.0, 0.0, 1.0]], 'mask_path': 'masks/98.png'}, {'file_path': 'images/99.png', 'transform_matrix': [[0.3090169943749474, -0.6727662229422153, 0.6722306943717604, 1.4265847744427305], [0.9510565162951535, 0.21859499679414435, -0.2184209930137081, -0.4635254915624212], [0.0, 0.706825181105366, 0.7073882691671997, 2.0], [0.0, 0.0, 0.0, 1.0]], 'mask_path': 'masks/99.png'}, {'file_path': 'images/100.png', 'transform_matrix': [[0.1736481776669304, -0.6966414518657448, 0.6960869183768224, 1.4772116295183118], [0.9848077530122078, 0.12283668384384828, -0.12273890462804486, -0.2604722665003956], [0.0, 0.7068251811053659, 0.7073882691671995, 1.9999999999999998], [0.0, 0.0, 0.0, 1.0]], 'mask_path': 'masks/100.png'}, {'file_path': 'images/101.png', 'transform_matrix': [[0.03489949670250108, -0.7069573473466144, 0.7063946023028138, 1.4990862405286436], [0.9993908270190957, 0.024687494567188637, -0.024667843077231452, -0.05234924505375163], [0.0, 0.706825181105366, 0.7073882691671997, 2.0], [0.0, 0.0, 0.0, 1.0]], 'mask_path': 'masks/101.png'}, {'file_path': 'images/102.png', 'transform_matrix': [[-0.10452846326765323, -0.7035131222134456, 0.7029531188069316, 1.4917828430524098], [0.9945218953682732, -0.07394220870961243, 0.0738833499798246, 0.15679269490147987], [0.0, 0.7068251811053659, 0.7073882691671995, 1.9999999999999996], [0.0, 0.0, 0.0, 1.0]], 'mask_path': 'masks/102.png'}, {'file_path': 'images/103.png', 'transform_matrix': [[-0.24192189559966773, -0.6863758143907082, 0.6858294524507939, 1.4554435894139948], [0.9702957262759965, -0.17113271100189695, 0.1709964876705886, 0.3628828433995016], [0.0, 0.706825181105366, 0.7073882691671997, 2.0], [0.0, 0.0, 0.0, 1.0]], 'mask_path': 'masks/103.png'}, {'file_path': 'images/104.png', 'transform_matrix': [[-0.37460659341591207, -0.6558789820817723, 0.6553568959221409, 1.3907757818501811], [0.9271838545667873, -0.26499230973510296, 0.26478137323446627, 0.5619098901238682], [0.0, 0.706825181105366, 0.7073882691671997, 2.0], [0.0, 0.0, 0.0, 1.0]], 'mask_path': 'masks/104.png'}, {'file_path': 'images/105.png', 'transform_matrix': [[-0.4999999999999997, -0.6126162114378993, 0.6121285628717836, 1.2990381056766582], [0.8660254037844387, -0.35369413458359966, 0.3534125905526828, 0.7499999999999997], [0.0, 0.706825181105366, 0.7073882691671997, 2.0], [0.0, 0.0, 0.0, 1.0]], 'mask_path': 'masks/105.png'}, {'file_path': 'images/106.png', 'transform_matrix': [[-0.6156614753256582, -0.5574295630789998, 0.5569858436310473, 1.1820161304100831], [0.788010753606722, -0.435511705423542, 0.4351650337966552, 0.9234922129884875], [0.0, 0.706825181105366, 0.7073882691671997, 2.0], [0.0, 0.0, 0.0, 1.0]], 'mask_path': 'masks/106.png'}, {'file_path': 'images/107.png', 'transform_matrix': [[-0.7193398003386512, -0.49139318234149737, 0.4910020285060391, 1.0419875556884957], [0.694658370458997, -0.5088525363046376, 0.508447484650665, 1.079009700507977], [0.0, 0.706825181105366, 0.7073882691671997, 2.0], [0.0, 0.0, 0.0, 1.0]], 'mask_path': 'masks/107.png'}, {'file_path': 'images/108.png', 'transform_matrix': [[-0.8090169943749475, -0.4157923922611784, 0.4154614174026906, 0.8816778784387098], [0.5877852522924731, -0.5722891313777443, 0.5718335835663911, 1.2135254915624214], [0.0, 0.7068251811053661, 0.7073882691671998, 2.0000000000000004], [0.0, 0.0, 0.0, 1.0]], 'mask_path': 'masks/108.png'}, {'file_path': 'images/109.png', 'transform_matrix': [[-0.882947592858927, -0.33209867622233186, 0.33183432238995675, 0.7042073441788368], [0.46947156278589114, -0.6245867694778218, 0.6240895922290581, 1.3244213892883907], [0.0, 0.7068251811053661, 0.7073882691671998, 2.0000000000000004], [0.0, 0.0, 0.0, 1.0]], 'mask_path': 'masks/109.png'}, {'file_path': 'images/110.png', 'transform_matrix': [[-0.939692620785908, -0.24194103720746243, 0.2417484497478491, 0.5130302149885032], [0.34202014332566877, -0.6647275365669333, 0.6641984068703755, 1.4095389311788622], [0.0, 0.7068251811053657, 0.7073882691671994, 1.9999999999999993], [0.0, 0.0, 0.0, 1.0]], 'mask_path': 'masks/110.png'}, {'file_path': 'images/111.png', 'transform_matrix': [[-0.9781476007338057, -0.14707429110720072, 0.1469572185161856, 0.311867536226639], [0.2079116908177593, -0.691930138273136, 0.6913793550364514, 1.4672214011007088], [0.0, 0.7068251811053661, 0.7073882691671998, 2.0000000000000004], [0.0, 0.0, 0.0, 1.0]], 'mask_path': 'masks/111.png'}, {'file_path': 'images/112.png', 'transform_matrix': [[-0.9975640502598242, -0.04934491122506416, 0.04930563218746323, 0.10463471061618829], [0.06975647374412551, -0.7056651068967185, 0.7051033904891028, 1.4963460753897364], [0.0, 0.706825181105366, 0.7073882691671997, 2.0], [0.0, 0.0, 0.0, 1.0]], 'mask_path': 'masks/112.png'}, {'file_path': 'images/113.png', 'transform_matrix': [[-0.9975640502598242, 0.049344911225063674, -0.04930563218746274, -0.10463471061618725], [-0.06975647374412482, -0.7056651068967185, 0.7051033904891028, 1.4963460753897364], [0.0, 0.706825181105366, 0.7073882691671997, 2.0], [0.0, 0.0, 0.0, 1.0]], 'mask_path': 'masks/113.png'}, {'file_path': 'images/114.png', 'transform_matrix': [[-0.9781476007338057, 0.14707429110720055, -0.1469572185161854, -0.3118675362266386], [-0.20791169081775904, -0.691930138273136, 0.6913793550364514, 1.4672214011007088], [0.0, 0.706825181105366, 0.7073882691671997, 2.0], [0.0, 0.0, 0.0, 1.0]], 'mask_path': 'masks/114.png'}, {'file_path': 'images/115.png', 'transform_matrix': [[-0.9396926207859084, 0.2419410372074623, -0.24174844974784898, -0.513030214988503], [-0.3420201433256686, -0.6647275365669335, 0.6641984068703758, 1.4095389311788629], [0.0, 0.7068251811053661, 0.7073882691671998, 2.0000000000000004], [0.0, 0.0, 0.0, 1.0]], 'mask_path': 'masks/115.png'}, {'file_path': 'images/116.png', 'transform_matrix': [[-0.8